24/01/2021
Pipe 1 (1)
700
700
700
700
700
700
700
700
700
700
700
700
700
700
700
700
700
700
700
700
700
710
700
700
710
700
700
700
700
700
700
700
700
700
700
700
700
700
700
700
700
700
700
700
700
end
24/01/2021
Pipe 1 (2)
700
700
700
700
700
700
700
700
700
700
700
700
700
700
700
700
700
700
700
700
700
700
700
700
700
700
700
700
700
700
700
700
700
700
700
700
700
700
700
700
700
700
700
700
700
end
24/01/2021
Pipe 1 (3)
700
700
700
700
700
700
700
700
700
700
700
700
700
700
700
700
700
700
700
700
700
700
700
700
700
700
700
700
700
700
700
700
700
700
700
700
700
700
710
700
700
710
700
700
700
end
24/01/2021
Pipe 1 (4)
700
700
700
700
700
700
700
700
700
700
700
700
700
700
700
700
700
700
700
700
700
700
700
700
700
700
700
700
700
700
700
700
700
700
700
700
700
700
700
700
700
700
700
700
700
end
